recId|SeqNumber|seqLength|displayLatitude|displayLongitude|district|county|city|postalCode|state|country
4|0|0||||||||
134|0|0||||||||
344|0|0||||||||
376|0|0||||||||
379|0|0||||||||
383|0|0||||||||
389|0|0||||||||
588|0|0||||||||
592|0|0||||||||
688|0|0||||||||
694|0|0||||||||
715|0|0||||||||
1477|0|0||||||||
1608|0|0||||||||
2030|0|0||||||||
2090|0|0||||||||
2196|0|0||||||||
2600|0|0||||||||
3948|0|0||||||||
4156|0|0||||||||
4401|0|0||||||||
4743|0|0||||||||
5792|0|0||||||||
6513|0|0||||||||
6726|0|0||||||||
6991|0|0||||||||
7133|0|0||||||||
7175|0|0||||||||
7291|0|0||||||||
7330|0|0||||||||
7338|0|0||||||||
7576|0|0||||||||
7820|0|0||||||||
7828|0|0||||||||
8036|0|0||||||||
8472|0|0||||||||
8474|0|0||||||||
8475|0|0||||||||
8508|0|0||||||||
8601|0|0||||||||
8616|0|0||||||||
8647|0|0||||||||
8660|0|0||||||||
8700|0|0||||||||
8744|0|0||||||||
8753|0|0||||||||
8771|0|0||||||||
8809|0|0||||||||
8866|0|0||||||||
8869|0|0||||||||
8878|0|0||||||||
8881|0|0||||||||
8963|0|0||||||||
9009|0|0||||||||
9029|0|0||||||||
9030|0|0||||||||
9031|0|0||||||||
9081|0|0||||||||
9155|0|0||||||||
9210|0|0||||||||
9317|0|0||||||||
9376|0|0||||||||
9393|0|0||||||||
9603|0|0||||||||
9613|0|0||||||||
9626|0|0||||||||
9715|0|0||||||||
9730|0|0||||||||
9834|0|0||||||||
9839|0|0||||||||
9879|0|0||||||||
9880|0|0||||||||
9899|0|0||||||||
9917|0|0||||||||
9919|0|0||||||||
9973|0|0||||||||
9978|0|0||||||||
9979|0|0||||||||
10016|0|0||||||||
10053|0|0||||||||
10057|0|0||||||||
10073|0|0||||||||
10098|0|0||||||||
10130|0|0||||||||
10139|0|0||||||||
10161|0|0||||||||
10167|0|0||||||||
10172|0|0||||||||
10202|0|0||||||||
10204|0|0||||||||
10216|0|0||||||||
10221|0|0||||||||
10223|0|0||||||||
10228|0|0||||||||
10235|0|0||||||||
10242|0|0||||||||
10282|0|0||||||||
10285|0|0||||||||
10309|0|0||||||||
10321|0|0||||||||
10334|0|0||||||||
10352|0|0||||||||
10355|0|0||||||||
10365|0|0||||||||
10366|0|0||||||||
10374|0|0||||||||
10388|0|0||||||||
10390|0|0||||||||
10406|0|0||||||||
10407|0|0||||||||
10412|0|0||||||||
10413|0|0||||||||
10416|0|0||||||||
10576|0|0||||||||
10611|0|0||||||||
10613|0|0||||||||
10616|0|0||||||||
10634|0|0||||||||
10645|0|0||||||||
10651|0|0||||||||
10661|0|0||||||||
10669|0|0||||||||
10676|0|0||||||||
10681|0|0||||||||
10692|0|0||||||||
10729|0|0||||||||
10731|0|0||||||||
10747|0|0||||||||
10748|0|0||||||||
10772|0|0||||||||
10782|0|0||||||||
10787|0|0||||||||
10789|0|0||||||||
10795|0|0||||||||
10797|0|0||||||||
10823|0|0||||||||
10888|0|0||||||||
10893|0|0||||||||
10923|0|0||||||||
10972|0|0||||||||
10998|0|0||||||||
11013|0|0||||||||
11054|0|0||||||||
11058|0|0||||||||
11066|0|0||||||||
11069|0|0||||||||
11100|0|0||||||||
11128|0|0||||||||
11134|0|0||||||||
11197|0|0||||||||
11200|0|0||||||||
11202|0|0||||||||
11208|0|0||||||||
11209|0|0||||||||
11260|0|0||||||||
11330|0|0||||||||
11346|0|0||||||||
11390|0|0||||||||
11398|0|0||||||||
11401|0|0||||||||
11403|0|0||||||||
11411|0|0||||||||
11416|0|0||||||||
11418|0|0||||||||
11419|0|0||||||||
11435|0|0||||||||
11454|0|0||||||||
11455|0|0||||||||
11460|0|0||||||||
11468|0|0||||||||
11499|0|0||||||||
11732|0|0||||||||
11826|0|0||||||||
11858|0|0||||||||
11874|0|0||||||||
11881|0|0||||||||
11888|0|0||||||||
11895|0|0||||||||
11899|0|0||||||||
11913|0|0||||||||
11918|0|0||||||||
11923|0|0||||||||
11929|0|0||||||||
11950|0|0||||||||
11966|0|0||||||||
11998|0|0||||||||
12020|0|0||||||||
12029|0|0||||||||
12032|0|0||||||||
12035|0|0||||||||
12036|0|0||||||||
12040|0|0||||||||
12062|0|0||||||||
12064|0|0||||||||
12068|0|0||||||||
12073|0|0||||||||
12075|0|0||||||||
12087|0|0||||||||
12120|0|0||||||||
12440|0|0||||||||
12584|0|0||||||||
12585|0|0||||||||
12674|0|0||||||||
12676|0|0||||||||
12686|0|0||||||||
12811|0|0||||||||
13111|0|0||||||||
13363|0|0||||||||
13964|0|0||||||||
14066|0|0||||||||
14101|0|0||||||||
14207|0|0||||||||
14405|0|0||||||||
14505|0|0||||||||
14664|0|0||||||||
14665|0|0||||||||
14778|0|0||||||||
14784|0|0||||||||
14848|0|0||||||||
14943|0|0||||||||
15064|0|0||||||||
15101|0|0||||||||
15128|0|0||||||||
15278|0|0||||||||
15478|0|0||||||||
15510|0|0||||||||
15790|0|0||||||||
16140|0|0||||||||
16554|0|0||||||||
16563|0|0||||||||
16817|0|0||||||||
17168|0|0||||||||
17201|0|0||||||||
17280|0|0||||||||
17323|0|0||||||||
17367|0|0||||||||
17399|0|0||||||||
17613|0|0||||||||
17690|0|0||||||||
18161|0|0||||||||
18493|0|0||||||||
18682|0|0||||||||
18721|0|0||||||||
18969|0|0||||||||
18995|0|0||||||||
18997|0|0||||||||
19005|0|0||||||||
19012|0|0||||||||
19019|0|0||||||||
19031|0|0||||||||
19052|0|0||||||||
19082|0|0||||||||
19083|0|0||||||||
19105|0|0||||||||
19106|0|0||||||||
19111|0|0||||||||
19118|0|0||||||||
19145|0|0||||||||
19150|0|0||||||||
19155|0|0||||||||
19160|0|0||||||||
19165|0|0||||||||
19168|0|0||||||||
19169|0|0||||||||
19182|0|0||||||||
19186|0|0||||||||
19188|0|0||||||||
19191|0|0||||||||
19214|0|0||||||||
19229|0|0||||||||
19241|0|0||||||||
19251|0|0||||||||
19256|0|0||||||||
19257|0|0||||||||
19266|0|0||||||||
19267|0|0||||||||
19274|0|0||||||||
19287|0|0||||||||
19387|0|0||||||||
19795|0|0||||||||
19817|0|0||||||||
19931|0|0||||||||
20024|0|0||||||||
20042|0|0||||||||
20822|0|0||||||||
20823|0|0||||||||
20925|0|0||||||||
21010|0|0||||||||
21192|0|0||||||||
21195|0|0||||||||
21220|0|0||||||||
21284|0|0||||||||
21293|0|0||||||||
21559|0|0||||||||
22165|0|0||||||||
22201|0|0||||||||
22220|0|0||||||||
22257|0|0||||||||
22272|0|0||||||||
22311|0|0||||||||
22322|0|0||||||||
22339|0|0||||||||
22367|0|0||||||||
22401|0|0||||||||
22428|0|0||||||||
22461|0|0||||||||
22597|0|0||||||||
22613|0|0||||||||
22940|0|0||||||||
22945|0|0||||||||
23655|0|0||||||||
23794|0|0||||||||
23823|0|0||||||||
23827|0|0||||||||
23946|0|0||||||||
23950|0|0||||||||
23988|0|0||||||||
24010|0|0||||||||
24040|0|0||||||||
24089|0|0||||||||
24094|0|0||||||||
24104|0|0||||||||
24144|0|0||||||||
24166|0|0||||||||
24169|0|0||||||||
24176|0|0||||||||
24190|0|0||||||||
24281|0|0||||||||
24304|0|0||||||||
24319|0|0||||||||
24356|0|0||||||||
24371|0|0||||||||
24385|0|0||||||||
24410|0|0||||||||
24460|0|0||||||||
24472|0|0||||||||
24478|0|0||||||||
24532|0|0||||||||
24563|0|0||||||||
24741|0|0||||||||
24981|0|0||||||||
26197|0|0||||||||
26318|0|0||||||||
26356|0|0||||||||
26357|0|0||||||||
26408|0|0||||||||
26468|0|0||||||||
26614|0|0||||||||
26627|0|0||||||||
26647|0|0||||||||
26683|0|0||||||||
26698|0|0||||||||
27582|0|0||||||||
27660|0|0||||||||
27665|0|0||||||||
27768|0|0||||||||
27835|0|0||||||||
27892|0|0||||||||
27953|0|0||||||||
28004|0|0||||||||
28052|0|0||||||||
28072|0|0||||||||
28158|0|0||||||||
28176|0|0||||||||
28178|0|0||||||||
28200|0|0||||||||
28216|0|0||||||||
28222|0|0||||||||
28232|0|0||||||||
28237|0|0||||||||
28255|0|0||||||||
28265|0|0||||||||
28268|0|0||||||||
28385|0|0||||||||
28400|0|0||||||||
28478|0|0||||||||
28688|0|0||||||||
28717|0|0||||||||
28884|0|0||||||||
28904|0|0||||||||
28941|0|0||||||||
29042|0|0||||||||
29060|0|0||||||||
29093|0|0||||||||
29374|0|0||||||||
29400|0|0||||||||
29453|0|0||||||||
29598|0|0||||||||
29638|0|0||||||||
29642|0|0||||||||
29644|0|0||||||||
29684|0|0||||||||
29821|0|0||||||||
29853|0|0||||||||
29861|0|0||||||||
29895|0|0||||||||
29922|0|0||||||||
29935|0|0||||||||
29952|0|0||||||||
29957|0|0||||||||
29961|0|0||||||||
29963|0|0||||||||
29988|0|0||||||||
29989|0|0||||||||
29992|0|0||||||||
30017|0|0||||||||
30021|0|0||||||||
30103|0|0||||||||
30111|0|0||||||||
30251|0|0||||||||
30291|0|0||||||||
30298|0|0||||||||
30299|0|0||||||||
30314|0|0||||||||
30543|0|0||||||||
30592|0|0||||||||
30628|0|0||||||||
30694|0|0||||||||
30696|0|0||||||||
30736|0|0||||||||
30752|0|0||||||||
30769|0|0||||||||
30784|0|0||||||||
30874|0|0||||||||
30910|0|0||||||||
30940|0|0||||||||
30942|0|0||||||||
30948|0|0||||||||
31000|0|0||||||||
31001|0|0||||||||
31017|0|0||||||||
31042|0|0||||||||
31110|0|0||||||||
31220|0|0||||||||
31222|0|0||||||||
31251|0|0||||||||
31284|0|0||||||||
31291|0|0||||||||
31332|0|0||||||||
31357|0|0||||||||
31437|0|0||||||||
31450|0|0||||||||
31453|0|0||||||||
31460|0|0||||||||
31462|0|0||||||||
31476|0|0||||||||
31482|0|0||||||||
31606|0|0||||||||
31609|0|0||||||||
31639|0|0||||||||
31684|0|0||||||||
31697|0|0||||||||
31720|0|0||||||||
31794|0|0||||||||
31803|0|0||||||||
31836|0|0||||||||
32128|0|0||||||||
32138|0|0||||||||
32262|0|0||||||||
32622|0|0||||||||
32739|0|0||||||||
32867|0|0||||||||
32871|0|0||||||||
32979|0|0||||||||
33222|0|0||||||||
33431|0|0||||||||
33445|0|0||||||||
33488|0|0||||||||
33526|0|0||||||||
33575|0|0||||||||
33702|0|0||||||||
33757|0|0||||||||
33758|0|0||||||||
33931|0|0||||||||
33938|0|0||||||||
33955|0|0||||||||
33965|0|0||||||||
33973|0|0||||||||
33974|0|0||||||||
34154|0|0||||||||
34165|0|0||||||||
34176|0|0||||||||
34232|0|0||||||||
34289|0|0||||||||
34331|0|0||||||||
34417|0|0||||||||
34486|0|0||||||||
34572|0|0||||||||
34716|0|0||||||||
34726|0|0||||||||
34734|0|0||||||||
34753|0|0||||||||
34817|0|0||||||||
34877|0|0||||||||
34936|0|0||||||||
35053|0|0||||||||
35147|0|0||||||||
35441|0|0||||||||
35633|0|0||||||||
35814|0|0||||||||
35833|0|0||||||||
35841|0|0||||||||
35861|0|0||||||||
35870|0|0||||||||
35885|0|0||||||||
35886|0|0||||||||
35910|0|0||||||||
35916|0|0||||||||
35919|0|0||||||||
35929|0|0||||||||
35990|0|0||||||||
36066|0|0||||||||
36070|0|0||||||||
36169|0|0||||||||
36222|0|0||||||||
36279|0|0||||||||
36280|0|0||||||||
36299|0|0||||||||
36304|0|0||||||||
36319|0|0||||||||
36320|0|0||||||||
36366|0|0||||||||
36388|0|0||||||||
36446|0|0||||||||
36559|0|0||||||||
36564|0|0||||||||
36699|0|0||||||||
36706|0|0||||||||
36710|0|0||||||||
36766|0|0||||||||
36769|0|0||||||||
36822|0|0||||||||
36844|0|0||||||||
36853|0|0||||||||
36889|0|0||||||||
36943|0|0||||||||
36961|0|0||||||||
36964|0|0||||||||
36968|0|0||||||||
37002|0|0||||||||
37023|0|0||||||||
37024|0|0||||||||
37025|0|0||||||||
37029|0|0||||||||
37052|0|0||||||||
37350|0|0||||||||
37354|0|0||||||||
37359|0|0||||||||
37377|0|0||||||||
37443|0|0||||||||
37549|0|0||||||||
37577|0|0||||||||
37609|0|0||||||||
37615|0|0||||||||
37810|0|0||||||||
37920|0|0||||||||
37974|0|0||||||||
37988|0|0||||||||
38011|0|0||||||||
38029|0|0||||||||
38042|0|0||||||||
38083|0|0||||||||
38103|0|0||||||||
38114|0|0||||||||
38135|0|0||||||||
38184|0|0||||||||
38193|0|0||||||||
38210|0|0||||||||
38240|0|0||||||||
38278|0|0||||||||
38281|0|0||||||||
38282|0|0||||||||
38287|0|0||||||||
38317|0|0||||||||
38324|0|0||||||||
38347|0|0||||||||
38350|0|0||||||||
38796|0|0||||||||
39358|0|0||||||||
39555|0|0||||||||
39571|0|0||||||||
39644|0|0||||||||
39673|0|0||||||||
39812|0|0||||||||
39896|0|0||||||||
40085|0|0||||||||
40144|0|0||||||||
40184|0|0||||||||
40421|0|0||||||||
40461|0|0||||||||
40641|0|0||||||||
40706|0|0||||||||
40774|0|0||||||||
40813|0|0||||||||
40866|0|0||||||||
40923|0|0||||||||
40974|0|0||||||||
40996|0|0||||||||
40997|0|0||||||||
41019|0|0||||||||
41085|0|0||||||||
41089|0|0||||||||
41110|0|0||||||||
41118|0|0||||||||
41168|0|0||||||||
41170|0|0||||||||
41188|0|0||||||||
41190|0|0||||||||
41199|0|0||||||||
41201|0|0||||||||
41238|0|0||||||||
41239|0|0||||||||
41253|0|0||||||||
41257|0|0||||||||
41261|0|0||||||||
41262|0|0||||||||
41263|0|0||||||||
41265|0|0||||||||
41266|0|0||||||||
41268|0|0||||||||
41270|0|0||||||||
41288|0|0||||||||
41312|0|0||||||||
41336|0|0||||||||
41343|0|0||||||||
41358|0|0||||||||
41363|0|0||||||||
41365|0|0||||||||
41367|0|0||||||||
41373|0|0||||||||
41377|0|0||||||||
41399|0|0||||||||
41402|0|0||||||||
41416|0|0||||||||
41433|0|0||||||||
41440|0|0||||||||
41524|0|0||||||||
41543|0|0||||||||
41546|0|0||||||||
41548|0|0||||||||
41558|0|0||||||||
41560|0|0||||||||
41572|0|0||||||||
41591|0|0||||||||
41626|0|0||||||||
41662|0|0||||||||
41685|0|0||||||||
41687|0|0||||||||
41694|0|0||||||||
41711|0|0||||||||
41723|0|0||||||||
41725|0|0||||||||
41727|0|0||||||||
41728|0|0||||||||
41749|0|0||||||||
41752|0|0||||||||
41757|0|0||||||||
41763|0|0||||||||
41787|0|0||||||||
41795|0|0||||||||
41797|0|0||||||||
41805|0|0||||||||
41809|0|0||||||||
41822|0|0||||||||
41836|0|0||||||||
41837|0|0||||||||
42209|0|0||||||||
42210|0|0||||||||
42211|0|0||||||||
42213|0|0||||||||
42214|0|0||||||||
42217|0|0||||||||
42218|0|0||||||||
42219|0|0||||||||
42220|0|0||||||||
42221|0|0||||||||
42222|0|0||||||||
42223|0|0||||||||
42224|0|0||||||||
42225|0|0||||||||
42226|0|0||||||||
42227|0|0||||||||
42228|0|0||||||||
42229|0|0||||||||
42230|0|0||||||||
42232|0|0||||||||
42233|0|0||||||||
42234|0|0||||||||
42235|0|0||||||||
42236|0|0||||||||
42237|0|0||||||||
42238|0|0||||||||
42239|0|0||||||||
42240|0|0||||||||
42241|0|0||||||||
42242|0|0||||||||
42243|0|0||||||||
42244|0|0||||||||
42245|0|0||||||||
42246|0|0||||||||
42247|0|0||||||||
42248|0|0||||||||
42249|0|0||||||||
42250|0|0||||||||
42251|0|0||||||||
42252|0|0||||||||
42253|0|0||||||||
42254|0|0||||||||
42255|0|0||||||||
42258|0|0||||||||
42259|0|0||||||||
42260|0|0||||||||
42261|0|0||||||||
42263|0|0||||||||
42264|0|0||||||||
42265|0|0||||||||
42266|0|0||||||||
42267|0|0||||||||
42268|0|0||||||||
42270|0|0||||||||
42271|0|0||||||||
42272|0|0||||||||
42273|0|0||||||||
42274|0|0||||||||
42276|0|0||||||||
42277|0|0||||||||
42278|0|0||||||||
42279|0|0||||||||
42280|0|0||||||||
42282|0|0||||||||
42283|0|0||||||||
42284|0|0||||||||
42285|0|0||||||||
42286|0|0||||||||
42287|0|0||||||||
42288|0|0||||||||
42290|0|0||||||||
42291|0|0||||||||
42292|0|0||||||||
42293|0|0||||||||
42294|0|0||||||||
42295|0|0||||||||
42296|0|0||||||||
42297|0|0||||||||
42298|0|0||||||||
42299|0|0||||||||
42310|0|0||||||||
42383|0|0||||||||
42385|0|0||||||||
43106|0|0||||||||
43230|0|0||||||||
43497|0|0||||||||
43501|0|0||||||||
43524|0|0||||||||
43531|0|0||||||||
43545|0|0||||||||
43546|0|0||||||||
43559|0|0||||||||
43560|0|0||||||||
43573|0|0||||||||
43580|0|0||||||||
43598|0|0||||||||
43616|0|0||||||||
43617|0|0||||||||
43622|0|0||||||||
43641|0|0||||||||
43643|0|0||||||||
43660|0|0||||||||
43747|0|0||||||||
44709|0|0||||||||
44743|0|0||||||||
44756|0|0||||||||
44757|0|0||||||||
44803|0|0||||||||
44829|0|0||||||||
45245|0|0||||||||
45254|0|0||||||||
45307|0|0||||||||
45537|0|0||||||||
45588|0|0||||||||
45625|0|0||||||||
45721|0|0||||||||
45831|0|0||||||||
45842|0|0||||||||
46195|0|0||||||||
46256|0|0||||||||
46355|0|0||||||||
47211|0|0||||||||
48938|0|0||||||||
48957|0|0||||||||
48961|0|0||||||||
49005|0|0||||||||
49289|0|0||||||||
50163|0|0||||||||
50198|0|0||||||||
50233|0|0||||||||
50335|0|0||||||||
50390|0|0||||||||
50973|0|0||||||||
51506|0|0||||||||
51569|0|0||||||||
51574|0|0||||||||
51579|0|0||||||||
51593|0|0||||||||
51620|0|0||||||||
51629|0|0||||||||
51639|0|0||||||||
51725|0|0||||||||
52082|0|0||||||||
52085|0|0||||||||
52087|0|0||||||||
52090|0|0||||||||
52092|0|0||||||||
52093|0|0||||||||
52099|0|0||||||||
52100|0|0||||||||
52101|0|0||||||||
52102|0|0||||||||
52105|0|0||||||||
52109|0|0||||||||
52195|0|0||||||||
52199|0|0||||||||
52200|0|0||||||||
52201|0|0||||||||
52207|0|0||||||||
52454|0|0||||||||
52457|0|0||||||||
52467|0|0||||||||
52493|0|0||||||||
52508|0|0||||||||
52645|0|0||||||||
52784|0|0||||||||
53130|0|0||||||||
53132|0|0||||||||
53133|0|0||||||||
53136|0|0||||||||
53137|0|0||||||||
53139|0|0||||||||
53140|0|0||||||||
53141|0|0||||||||
53143|0|0||||||||
53145|0|0||||||||
53146|0|0||||||||
53147|0|0||||||||
53148|0|0||||||||
53149|0|0||||||||
53151|0|0||||||||
53152|0|0||||||||
53154|0|0||||||||
53156|0|0||||||||
53158|0|0||||||||
53159|0|0||||||||
53161|0|0||||||||
53162|0|0||||||||
53164|0|0||||||||
53165|0|0||||||||
53166|0|0||||||||
53167|0|0||||||||
53168|0|0||||||||
53169|0|0||||||||
53339|0|0||||||||
53436|0|0||||||||
53535|0|0||||||||
53584|0|0||||||||
53682|0|0||||||||
53787|0|0||||||||
53795|0|0||||||||
53801|0|0||||||||
53818|0|0||||||||
53903|0|0||||||||
53980|0|0||||||||
54316|0|0||||||||
54335|0|0||||||||
54347|0|0||||||||
54418|0|0||||||||
54461|0|0||||||||
54628|0|0||||||||
54771|0|0||||||||
54880|0|0||||||||
54919|0|0||||||||
54981|0|0||||||||
55267|0|0||||||||
55445|0|0||||||||
55537|0|0||||||||
55605|0|0||||||||
55606|0|0||||||||
55607|0|0||||||||
55611|0|0||||||||
55614|0|0||||||||
55615|0|0||||||||
55616|0|0||||||||
55617|0|0||||||||
55618|0|0||||||||
55621|0|0||||||||
55623|0|0||||||||
55624|0|0||||||||
55625|0|0||||||||
55626|0|0||||||||
55629|0|0||||||||
55630|0|0||||||||
55632|0|0||||||||
55633|0|0||||||||
55639|0|0||||||||
55640|0|0||||||||
55641|0|0||||||||
55642|0|0||||||||
55644|0|0||||||||
55647|0|0||||||||
55648|0|0||||||||
55649|0|0||||||||
55650|0|0||||||||
55651|0|0||||||||
55652|0|0||||||||
55653|0|0||||||||
55654|0|0||||||||
55655|0|0||||||||
55656|0|0||||||||
55657|0|0||||||||
55662|0|0||||||||
55665|0|0||||||||
55666|0|0||||||||
55667|0|0||||||||
55669|0|0||||||||
55672|0|0||||||||
55716|0|0||||||||
55837|0|0||||||||
55952|0|0||||||||
55965|0|0||||||||
55966|0|0||||||||
55967|0|0||||||||
55987|0|0||||||||
55992|0|0||||||||
55998|0|0||||||||
56024|0|0||||||||
56025|0|0||||||||
56045|0|0||||||||
56054|0|0||||||||
56055|0|0||||||||
56061|0|0||||||||
56107|0|0||||||||
56171|0|0||||||||
56194|0|0||||||||
56210|0|0||||||||
56217|0|0||||||||
56236|0|0||||||||
56253|0|0||||||||
56280|0|0||||||||
56361|0|0||||||||
56391|0|0||||||||
56526|0|0||||||||
56552|0|0||||||||
56560|0|0||||||||
56598|0|0||||||||
56708|0|0||||||||
56712|0|0||||||||
56928|0|0||||||||
57286|0|0||||||||
57289|0|0||||||||
57307|0|0||||||||
57378|0|0||||||||
57385|0|0||||||||
57425|0|0||||||||
57441|0|0||||||||
57449|0|0||||||||
57467|0|0||||||||
57476|0|0||||||||
57512|0|0||||||||
57572|0|0||||||||
57576|0|0||||||||
57594|0|0||||||||
57622|0|0||||||||
57626|0|0||||||||
57634|0|0||||||||
57680|0|0||||||||
57735|0|0||||||||
57825|0|0||||||||
57886|0|0||||||||
57912|0|0||||||||
57941|0|0||||||||
58278|0|0||||||||
58358|0|0||||||||
58459|0|0||||||||
58481|0|0||||||||
58583|0|0||||||||
59464|0|0||||||||
59465|0|0||||||||
59466|0|0||||||||
59467|0|0||||||||
59648|0|0||||||||
59676|0|0||||||||
59690|0|0||||||||
60024|0|0||||||||
60025|0|0||||||||
60041|0|0||||||||
60157|0|0||||||||
60288|0|0||||||||
60321|0|0||||||||
60393|0|0||||||||
60658|0|0||||||||
60816|0|0||||||||
60825|0|0||||||||
60988|0|0||||||||
61748|0|0||||||||
62098|0|0||||||||
62494|0|0||||||||
62495|0|0||||||||
62500|0|0||||||||
62520|0|0||||||||
62651|0|0||||||||
62863|0|0||||||||
63139|0|0||||||||
63233|0|0||||||||
63234|0|0||||||||
63427|0|0||||||||
63464|0|0||||||||
63540|0|0||||||||
63544|0|0||||||||
63549|0|0||||||||
63566|0|0||||||||
63674|0|0||||||||
63787|0|0||||||||
63876|0|0||||||||
64097|0|0||||||||
64126|0|0||||||||
64127|0|0||||||||
64145|0|0||||||||
64166|0|0||||||||
64203|0|0||||||||
64211|0|0||||||||
64263|0|0||||||||
64275|0|0||||||||
64318|0|0||||||||
64319|0|0||||||||
64321|0|0||||||||
64324|0|0||||||||
64325|0|0||||||||
64326|0|0||||||||
64327|0|0||||||||
64328|0|0||||||||
64390|0|0||||||||
64511|0|0||||||||
64524|0|0||||||||
64532|0|0||||||||
64739|0|0||||||||
64827|0|0||||||||
64834|0|0||||||||
64835|0|0||||||||
64853|0|0||||||||
64874|0|0||||||||
64891|0|0||||||||
64922|0|0||||||||
64926|0|0||||||||
64930|0|0||||||||
65068|0|0||||||||
65069|0|0||||||||
65082|0|0||||||||
65084|0|0||||||||
65103|0|0||||||||
65131|0|0||||||||
65139|0|0||||||||
65150|0|0||||||||
65173|0|0||||||||
65219|0|0||||||||
65258|0|0||||||||
65284|0|0||||||||
65356|0|0||||||||
65359|0|0||||||||
65367|0|0||||||||
65412|0|0||||||||
65415|0|0||||||||
65516|0|0||||||||
65524|0|0||||||||
65534|0|0||||||||
65535|0|0||||||||
65554|0|0||||||||
65568|0|0||||||||
65570|0|0||||||||
65583|0|0||||||||
65587|0|0||||||||
65610|0|0||||||||
65620|0|0||||||||
65635|0|0||||||||
65642|0|0||||||||
65652|0|0||||||||
65661|0|0||||||||
65665|0|0||||||||
65671|0|0||||||||
65674|0|0||||||||
65683|0|0||||||||
65690|0|0||||||||
65704|0|0||||||||
65734|0|0||||||||
65775|0|0||||||||
65808|0|0||||||||
65830|0|0||||||||
65840|0|0||||||||
65843|0|0||||||||
65857|0|0||||||||
65866|0|0||||||||
65887|0|0||||||||
65896|0|0||||||||
65901|0|0||||||||
65905|0|0||||||||
65961|0|0||||||||
65964|0|0||||||||
65987|0|0||||||||
65992|0|0||||||||
65999|0|0||||||||
66026|0|0||||||||
66053|0|0||||||||
66054|0|0||||||||
66061|0|0||||||||
66062|0|0||||||||
66067|0|0||||||||
66068|0|0||||||||
66070|0|0||||||||
66089|0|0||||||||
66091|0|0||||||||
66132|0|0||||||||
66142|0|0||||||||
66157|0|0||||||||
66178|0|0||||||||
66187|0|0||||||||
66206|0|0||||||||
66208|0|0||||||||
66238|0|0||||||||
66245|0|0||||||||
66253|0|0||||||||
66263|0|0||||||||
66344|0|0||||||||
66665|0|0||||||||
66697|0|0||||||||
66721|0|0||||||||
66829|0|0||||||||
66849|0|0||||||||
66973|0|0||||||||
67090|0|0||||||||
67137|0|0||||||||
67227|0|0||||||||
67288|0|0||||||||
67295|0|0||||||||
67345|0|0||||||||
67424|0|0||||||||
67438|0|0||||||||
67476|0|0||||||||
67497|0|0||||||||
67498|0|0||||||||
67499|0|0||||||||
67511|0|0||||||||
67514|0|0||||||||
67515|0|0||||||||
67516|0|0||||||||
67865|0|0||||||||
68009|0|0||||||||
68027|0|0||||||||
68353|0|0||||||||
68355|0|0||||||||
68357|0|0||||||||
68537|0|0||||||||
68816|0|0||||||||
69094|0|0||||||||
69103|0|0||||||||
69109|0|0||||||||
69113|0|0||||||||
69124|0|0||||||||
69130|0|0||||||||
69133|0|0||||||||
69145|0|0||||||||
69152|0|0||||||||
69166|0|0||||||||
69168|0|0||||||||
69185|0|0||||||||
69200|0|0||||||||
69206|0|0||||||||
69246|0|0||||||||
69252|0|0||||||||
69253|0|0||||||||
69255|0|0||||||||
69256|0|0||||||||
69257|0|0||||||||
69279|0|0||||||||
69281|0|0||||||||
69283|0|0||||||||
69288|0|0||||||||
69289|0|0||||||||
69292|0|0||||||||
69295|0|0||||||||
69296|0|0||||||||
69298|0|0||||||||
69299|0|0||||||||
69361|0|0||||||||
69656|0|0||||||||
69735|0|0||||||||
70015|0|0||||||||
70016|0|0||||||||
70306|0|0||||||||
70311|0|0||||||||
70363|0|0||||||||
70373|0|0||||||||
70407|0|0||||||||
70410|0|0||||||||
70432|0|0||||||||
70517|0|0||||||||
70554|0|0||||||||
70568|0|0||||||||
70648|0|0||||||||
70731|0|0||||||||
70807|0|0||||||||
70815|0|0||||||||
71023|0|0||||||||
71024|0|0||||||||
71025|0|0||||||||
71026|0|0||||||||
71028|0|0||||||||
71037|0|0||||||||
71038|0|0||||||||
71039|0|0||||||||
71040|0|0||||||||
71041|0|0||||||||
71042|0|0||||||||
71046|0|0||||||||
71047|0|0||||||||
71048|0|0||||||||
71049|0|0||||||||
71050|0|0||||||||
71051|0|0||||||||
71056|0|0||||||||
71057|0|0||||||||
71059|0|0||||||||
71061|0|0||||||||
71062|0|0||||||||
71063|0|0||||||||
71067|0|0||||||||
71070|0|0||||||||
71074|0|0||||||||
71075|0|0||||||||
71078|0|0||||||||
71082|0|0||||||||
71208|0|0||||||||
71210|0|0||||||||
71260|0|0||||||||
71327|0|0||||||||
71418|0|0||||||||
71424|0|0||||||||
71427|0|0||||||||
71432|0|0||||||||
71483|0|0||||||||
71643|0|0||||||||
71651|0|0||||||||
71661|0|0||||||||
71692|0|0||||||||
71700|0|0||||||||
71747|0|0||||||||
71748|0|0||||||||
71749|0|0||||||||
71752|0|0||||||||
71835|0|0||||||||
71962|0|0||||||||
72003|0|0||||||||
72010|0|0||||||||
72033|0|0||||||||
72037|0|0||||||||
72040|0|0||||||||
72046|0|0||||||||
72071|0|0||||||||
72074|0|0||||||||
72075|0|0||||||||
72123|0|0||||||||
72136|0|0||||||||
72137|0|0||||||||
72167|0|0||||||||
72170|0|0||||||||
72210|0|0||||||||
72220|0|0||||||||
72247|0|0||||||||
72279|0|0||||||||
72290|0|0||||||||
72306|0|0||||||||
72357|0|0||||||||
72360|0|0||||||||
72375|0|0||||||||
72384|0|0||||||||
72386|0|0||||||||
72474|0|0||||||||
72483|0|0||||||||
72485|0|0||||||||
72525|0|0||||||||
72545|0|0||||||||
72554|0|0||||||||
72572|0|0||||||||
72576|0|0||||||||
72579|0|0||||||||
72681|0|0||||||||
72688|0|0||||||||
72735|0|0||||||||
72750|0|0||||||||
72782|0|0||||||||
72927|0|0||||||||
72939|0|0||||||||
72953|0|0||||||||
72961|0|0||||||||
72968|0|0||||||||
72973|0|0||||||||
73013|0|0||||||||
73034|0|0||||||||
73045|0|0||||||||
73048|0|0||||||||
73059|0|0||||||||
73071|0|0||||||||
73100|0|0||||||||
73102|0|0||||||||
73227|0|0||||||||
73281|0|0||||||||
73289|0|0||||||||
73322|0|0||||||||
73326|0|0||||||||
73340|0|0||||||||
73363|0|0||||||||
73470|0|0||||||||
73472|0|0||||||||
73474|0|0||||||||
73475|0|0||||||||
73476|0|0||||||||
73478|0|0||||||||
73480|0|0||||||||
73481|0|0||||||||
73482|0|0||||||||
73483|0|0||||||||
73484|0|0||||||||
73486|0|0||||||||
73488|0|0||||||||
73491|0|0||||||||
73533|0|0||||||||
73569|0|0||||||||
73572|0|0||||||||
73615|0|0||||||||
73630|0|0||||||||
73675|0|0||||||||
73683|0|0||||||||
73726|0|0||||||||
73809|0|0||||||||
73813|0|0||||||||
73816|0|0||||||||
73843|0|0||||||||
73848|0|0||||||||
73884|0|0||||||||
73900|0|0||||||||
73901|0|0||||||||
73903|0|0||||||||
73909|0|0||||||||
73910|0|0||||||||
73913|0|0||||||||
73917|0|0||||||||
73919|0|0||||||||
73924|0|0||||||||
73926|0|0||||||||
73928|0|0||||||||
73929|0|0||||||||
73931|0|0||||||||
73995|0|0||||||||
73999|0|0||||||||
74005|0|0||||||||
74007|0|0||||||||
74009|0|0||||||||
74010|0|0||||||||
74011|0|0||||||||
74012|0|0||||||||
74014|0|0||||||||
74018|0|0||||||||
74019|0|0||||||||
74065|0|0||||||||
74344|0|0||||||||
74346|0|0||||||||
74353|0|0||||||||
74378|0|0||||||||
74403|0|0||||||||
74421|0|0||||||||
74621|0|0||||||||
74660|0|0||||||||
74749|0|0||||||||
74754|0|0||||||||
74757|0|0||||||||
74760|0|0||||||||
74789|0|0||||||||
74807|0|0||||||||
74825|0|0||||||||
74847|0|0||||||||
74874|0|0||||||||
74875|0|0||||||||
74883|0|0||||||||
74886|0|0||||||||
74887|0|0||||||||
74890|0|0||||||||
74891|0|0||||||||
74893|0|0||||||||
74911|0|0||||||||
74948|0|0||||||||
74967|0|0||||||||
74981|0|0||||||||
74983|0|0||||||||
75128|0|0||||||||
75138|0|0||||||||
75145|0|0||||||||
75248|0|0||||||||
75360|0|0||||||||
75431|0|0||||||||
75432|0|0||||||||
75441|0|0||||||||
75473|0|0||||||||
75497|0|0||||||||
75515|0|0||||||||
75517|0|0||||||||
75523|0|0||||||||
75560|0|0||||||||
75616|0|0||||||||
75640|0|0||||||||
75692|0|0||||||||
75738|0|0||||||||
75810|0|0||||||||
75812|0|0||||||||
75894|0|0||||||||
75923|0|0||||||||
75993|0|0||||||||
76010|0|0||||||||
76175|0|0||||||||
76184|0|0||||||||
76210|0|0||||||||
76491|0|0||||||||
76620|0|0||||||||
76630|0|0||||||||
76632|0|0||||||||
76643|0|0||||||||
76644|0|0||||||||
76645|0|0||||||||
76650|0|0||||||||
76662|0|0||||||||
76664|0|0||||||||
76672|0|0||||||||
76677|0|0||||||||
76725|0|0||||||||
76765|0|0||||||||
76786|0|0||||||||
76872|0|0||||||||
76881|0|0||||||||
77117|0|0||||||||
77149|0|0||||||||
77168|0|0||||||||
77196|0|0||||||||
77226|0|0||||||||
77263|0|0||||||||
77291|0|0||||||||
77296|0|0||||||||
77328|0|0||||||||
77351|0|0||||||||
77366|0|0||||||||
77461|0|0||||||||
77487|0|0||||||||
77559|0|0||||||||
77583|0|0||||||||
77606|0|0||||||||
77694|0|0||||||||
77714|0|0||||||||
77740|0|0||||||||
77757|0|0||||||||
77760|0|0||||||||
77827|0|0||||||||
77867|0|0||||||||
78108|0|0||||||||
78110|0|0||||||||
78155|0|0||||||||
78185|0|0||||||||
78264|0|0||||||||
78276|0|0||||||||
78287|0|0||||||||
78295|0|0||||||||
78304|0|0||||||||
78305|0|0||||||||
78344|0|0||||||||
78346|0|0||||||||
78370|0|0||||||||
78373|0|0||||||||
78376|0|0||||||||
78385|0|0||||||||
78393|0|0||||||||
78396|0|0||||||||
78450|0|0||||||||
78451|0|0||||||||
78474|0|0||||||||
78495|0|0||||||||
78540|0|0||||||||
78573|0|0||||||||
78582|0|0||||||||
78583|0|0||||||||
78584|0|0||||||||
78602|0|0||||||||
78629|0|0||||||||
78651|0|0||||||||
78663|0|0||||||||
78667|0|0||||||||
78675|0|0||||||||
78682|0|0||||||||
78686|0|0||||||||
78687|0|0||||||||
78696|0|0||||||||
78727|0|0||||||||
78739|0|0||||||||
78752|0|0||||||||
78753|0|0||||||||
78768|0|0||||||||
78803|0|0||||||||
78860|0|0||||||||
78882|0|0||||||||
78900|0|0||||||||
78932|0|0||||||||
79021|0|0||||||||
79037|0|0||||||||
79058|0|0||||||||
79075|0|0||||||||
79100|0|0||||||||
79134|0|0||||||||
79135|0|0||||||||
79179|0|0||||||||
79223|0|0||||||||
79278|0|0||||||||
79477|0|0||||||||
79486|0|0||||||||
79488|0|0||||||||
79538|0|0||||||||
79548|0|0||||||||
79571|0|0||||||||
79573|0|0||||||||
79577|0|0||||||||
79593|0|0||||||||
79603|0|0||||||||
79730|0|0||||||||
79735|0|0||||||||
79749|0|0||||||||
79759|0|0||||||||
79767|0|0||||||||
79770|0|0||||||||
79777|0|0||||||||
79778|0|0||||||||
79802|0|0||||||||
79810|0|0||||||||
79819|0|0||||||||
79823|0|0||||||||
79846|0|0||||||||
79847|0|0||||||||
79851|0|0||||||||
79857|0|0||||||||
79869|0|0||||||||
79873|0|0||||||||
79874|0|0||||||||
79978|0|0||||||||
79996|0|0||||||||
79997|0|0||||||||
80012|0|0||||||||
80042|0|0||||||||
80052|0|0||||||||
80062|0|0||||||||
80063|0|0||||||||
80066|0|0||||||||
80094|0|0||||||||
80107|0|0||||||||
80110|0|0||||||||
80176|0|0||||||||
80178|0|0||||||||
80220|0|0||||||||
80236|0|0||||||||
80239|0|0||||||||
80247|0|0||||||||
80250|0|0||||||||
80256|0|0||||||||
80320|0|0||||||||
80359|0|0||||||||
80387|0|0||||||||
80409|0|0||||||||
80413|0|0||||||||
80423|0|0||||||||
80438|0|0||||||||
80442|0|0||||||||
80444|0|0||||||||
80449|0|0||||||||
80462|0|0||||||||
80486|0|0||||||||
80646|0|0||||||||
80693|0|0||||||||
80730|0|0||||||||
80747|0|0||||||||
80758|0|0||||||||
80797|0|0||||||||
80838|0|0||||||||
80846|0|0||||||||
80850|0|0||||||||
80856|0|0||||||||
80859|0|0||||||||
80864|0|0||||||||
80868|0|0||||||||
80886|0|0||||||||
80923|0|0||||||||
80954|0|0||||||||
81059|0|0||||||||
81070|0|0||||||||
81096|0|0||||||||
81112|0|0||||||||
81117|0|0||||||||
81119|0|0||||||||
81123|0|0||||||||
81137|0|0||||||||
81161|0|0||||||||
81172|0|0||||||||
81217|0|0||||||||
81239|0|0||||||||
81322|0|0||||||||
81323|0|0||||||||
81338|0|0||||||||
81356|0|0||||||||
81360|0|0||||||||
81366|0|0||||||||
81370|0|0||||||||
81383|0|0||||||||
81385|0|0||||||||
81388|0|0||||||||
81396|0|0||||||||
81405|0|0||||||||
81407|0|0||||||||
81409|0|0||||||||
81412|0|0||||||||
81438|0|0||||||||
81447|0|0||||||||
81490|0|0||||||||
81563|0|0||||||||
81576|0|0||||||||
81585|0|0||||||||
81591|0|0||||||||
81692|0|0||||||||
81694|0|0||||||||
81699|0|0||||||||
81706|0|0||||||||
81717|0|0||||||||
81743|0|0||||||||
81768|0|0||||||||
81809|0|0||||||||
81865|0|0||||||||
81887|0|0||||||||
81892|0|0||||||||
81903|0|0||||||||
81920|0|0||||||||
82281|0|0||||||||
82607|0|0||||||||
82629|0|0||||||||
82633|0|0||||||||
82657|0|0||||||||
83013|0|0||||||||
83355|0|0||||||||
83397|0|0||||||||
83471|0|0||||||||
83477|0|0||||||||
83520|0|0||||||||
83870|0|0||||||||
83885|0|0||||||||
83906|0|0||||||||
83987|0|0||||||||
84063|0|0||||||||
84087|0|0||||||||
84111|0|0||||||||
84124|0|0||||||||
84129|0|0||||||||
84198|0|0||||||||
84227|0|0||||||||
84279|0|0||||||||
84291|0|0||||||||
84299|0|0||||||||
84328|0|0||||||||
84332|0|0||||||||
84334|0|0||||||||
84357|0|0||||||||
84362|0|0||||||||
84366|0|0||||||||
84374|0|0||||||||
84379|0|0||||||||
84395|0|0||||||||
84400|0|0||||||||
84404|0|0||||||||
84410|0|0||||||||
84417|0|0||||||||
84419|0|0||||||||
84432|0|0||||||||
84438|0|0||||||||
84442|0|0||||||||
84464|0|0||||||||
84551|0|0||||||||
84555|0|0||||||||
84556|0|0||||||||
84560|0|0||||||||
84563|0|0||||||||
84566|0|0||||||||
84578|0|0||||||||
84580|0|0||||||||
84582|0|0||||||||
84584|0|0||||||||
84596|0|0||||||||
84601|0|0||||||||
84619|0|0||||||||
84625|0|0||||||||
84633|0|0||||||||
84634|0|0||||||||
84635|0|0||||||||
84644|0|0||||||||
84645|0|0||||||||
84649|0|0||||||||
84651|0|0||||||||
84664|0|0||||||||
84668|0|0||||||||
84679|0|0||||||||
84680|0|0||||||||
84702|0|0||||||||
84712|0|0||||||||
84718|0|0||||||||
84719|0|0||||||||
84725|0|0||||||||
84735|0|0||||||||
84736|0|0||||||||
84741|0|0||||||||
84743|0|0||||||||
84751|0|0||||||||
84752|0|0||||||||
84756|0|0||||||||
84757|0|0||||||||
84764|0|0||||||||
84766|0|0||||||||
84775|0|0||||||||
84943|0|0||||||||
84958|0|0||||||||
84965|0|0||||||||
85058|0|0||||||||
85101|0|0||||||||
85111|0|0||||||||
85713|0|0||||||||
85714|0|0||||||||
85715|0|0||||||||
85749|0|0||||||||
85819|0|0||||||||
85861|0|0||||||||
86091|0|0||||||||
86093|0|0||||||||
86094|0|0||||||||
86098|0|0||||||||
86108|0|0||||||||
86194|0|0||||||||
86243|0|0||||||||
86344|0|0||||||||
86415|0|0||||||||
86440|0|0||||||||
86444|0|0||||||||
86448|0|0||||||||
86449|0|0||||||||
86453|0|0||||||||
86481|0|0||||||||
86513|0|0||||||||
86538|0|0||||||||
86577|0|0||||||||
86626|0|0||||||||
86628|0|0||||||||
86716|0|0||||||||
86784|0|0||||||||
86797|0|0||||||||
86841|0|0||||||||
86869|0|0||||||||
86875|0|0||||||||
86886|0|0||||||||
86890|0|0||||||||
86893|0|0||||||||
86926|0|0||||||||
86939|0|0||||||||
86945|0|0||||||||
86965|0|0||||||||
86976|0|0||||||||
87043|0|0||||||||
87076|0|0||||||||
87093|0|0||||||||
87101|0|0||||||||
87376|0|0||||||||
88331|0|0||||||||
88852|0|0||||||||
89809|0|0||||||||
90521|0|0||||||||
90534|0|0||||||||
90535|0|0||||||||
90539|0|0||||||||
90598|0|0||||||||
90636|0|0||||||||
90729|0|0||||||||
90730|0|0||||||||
90741|0|0||||||||
90782|0|0||||||||
90787|0|0||||||||
90791|0|0||||||||
90827|0|0||||||||
90864|0|0||||||||
90865|0|0||||||||
90937|0|0||||||||
90994|0|0||||||||
91000|0|0||||||||
91002|0|0||||||||
91003|0|0||||||||
91005|0|0||||||||
91006|0|0||||||||
91007|0|0||||||||
91008|0|0||||||||
91009|0|0||||||||
91011|0|0||||||||
91028|0|0||||||||
91211|0|0||||||||
91724|0|0||||||||
91891|0|0||||||||
91893|0|0||||||||
92094|0|0||||||||
92154|0|0||||||||
92155|0|0||||||||
92166|0|0||||||||
92519|0|0||||||||
92636|0|0||||||||
93081|0|0||||||||
93099|0|0||||||||
93110|0|0||||||||
93113|0|0||||||||
93117|0|0||||||||
93120|0|0||||||||
93124|0|0||||||||
93134|0|0||||||||
93136|0|0||||||||
93138|0|0||||||||
93139|0|0||||||||
93141|0|0||||||||
93142|0|0||||||||
93154|0|0||||||||
93155|0|0||||||||
93158|0|0||||||||
93159|0|0||||||||
93160|0|0||||||||
93167|0|0||||||||
93177|0|0||||||||
93180|0|0||||||||
93184|0|0||||||||
93186|0|0||||||||
93257|0|0||||||||
93493|0|0||||||||
93495|0|0||||||||
93547|0|0||||||||
93556|0|0||||||||
93638|0|0||||||||
94134|0|0||||||||
94151|0|0||||||||
94862|0|0||||||||
94973|0|0||||||||
95020|0|0||||||||
95694|0|0||||||||
95697|0|0||||||||
95705|0|0||||||||
95716|0|0||||||||
95727|0|0||||||||
95729|0|0||||||||
95746|0|0||||||||
95752|0|0||||||||
95765|0|0||||||||
95770|0|0||||||||
95771|0|0||||||||
95776|0|0||||||||
95786|0|0||||||||
95829|0|0||||||||
96237|0|0||||||||
96246|0|0||||||||
96339|0|0||||||||
96353|0|0||||||||
96406|0|0||||||||
96412|0|0||||||||
96415|0|0||||||||
96420|0|0||||||||
96434|0|0||||||||
96437|0|0||||||||
96440|0|0||||||||
96444|0|0||||||||
96446|0|0||||||||
96447|0|0||||||||
96448|0|0||||||||
96458|0|0||||||||
96464|0|0||||||||
96576|0|0||||||||
96786|0|0||||||||
96787|0|0||||||||
96788|0|0||||||||
96791|0|0||||||||
96795|0|0||||||||
96804|0|0||||||||
96807|0|0||||||||
96817|0|0||||||||
96825|0|0||||||||
96842|0|0||||||||
96849|0|0||||||||
96851|0|0||||||||
96854|0|0||||||||
96875|0|0||||||||
96877|0|0||||||||
96882|0|0||||||||
96886|0|0||||||||
96888|0|0||||||||
96890|0|0||||||||
96894|0|0||||||||
96896|0|0||||||||
96899|0|0||||||||
96907|0|0||||||||
96914|0|0||||||||
96928|0|0||||||||
96945|0|0||||||||
96946|0|0||||||||
96953|0|0||||||||
96954|0|0||||||||
96956|0|0||||||||
96963|0|0||||||||
96964|0|0||||||||
96967|0|0||||||||
96968|0|0||||||||
96970|0|0||||||||
96973|0|0||||||||
96982|0|0||||||||
96983|0|0||||||||
96984|0|0||||||||
96986|0|0||||||||
96987|0|0||||||||
96999|0|0||||||||
97006|0|0||||||||
97007|0|0||||||||
97009|0|0||||||||
97012|0|0||||||||
97013|0|0||||||||
97014|0|0||||||||
97016|0|0||||||||
97017|0|0||||||||
97020|0|0||||||||
97023|0|0||||||||
97025|0|0||||||||
97027|0|0||||||||
97030|0|0||||||||
97031|0|0||||||||
97036|0|0||||||||
97040|0|0||||||||
97043|0|0||||||||
97044|0|0||||||||
97046|0|0||||||||
97047|0|0||||||||
97048|0|0||||||||
97051|0|0||||||||
97052|0|0||||||||
97054|0|0||||||||
97055|0|0||||||||
97060|0|0||||||||
97062|0|0||||||||
97064|0|0||||||||
97065|0|0||||||||
97067|0|0||||||||
97075|0|0||||||||
97077|0|0||||||||
97078|0|0||||||||
97080|0|0||||||||
97082|0|0||||||||
97083|0|0||||||||
97085|0|0||||||||
97088|0|0||||||||
97091|0|0||||||||
97117|0|0||||||||
97126|0|0||||||||
97128|0|0||||||||
97130|0|0||||||||
97134|0|0||||||||
97135|0|0||||||||
97138|0|0||||||||
97139|0|0||||||||
97162|0|0||||||||
97168|0|0||||||||
97173|0|0||||||||
97196|0|0||||||||
97198|0|0||||||||
97202|0|0||||||||
97203|0|0||||||||
97205|0|0||||||||
97206|0|0||||||||
97207|0|0||||||||
97212|0|0||||||||
97216|0|0||||||||
97218|0|0||||||||
97220|0|0||||||||
97225|0|0||||||||
97231|0|0||||||||
97234|0|0||||||||
97236|0|0||||||||
97237|0|0||||||||
97239|0|0||||||||
97241|0|0||||||||
97244|0|0||||||||
97245|0|0||||||||
97257|0|0||||||||
97259|0|0||||||||
97266|0|0||||||||
97269|0|0||||||||
97283|0|0||||||||
97284|0|0||||||||
97299|0|0||||||||
97300|0|0||||||||
97315|0|0||||||||
97319|0|0||||||||
97325|0|0||||||||
97333|0|0||||||||
97334|0|0||||||||
97335|0|0||||||||
97336|0|0||||||||
97345|0|0||||||||
97348|0|0||||||||
97350|0|0||||||||
97351|0|0||||||||
97354|0|0||||||||
97357|0|0||||||||
97360|0|0||||||||
97367|0|0||||||||
97384|0|0||||||||
97391|0|0||||||||
97395|0|0||||||||
97396|0|0||||||||
97400|0|0||||||||
97405|0|0||||||||
97407|0|0||||||||
97413|0|0||||||||
97417|0|0||||||||
97419|0|0||||||||
97423|0|0||||||||
97426|0|0||||||||
97428|0|0||||||||
97433|0|0||||||||
97434|0|0||||||||
97435|0|0||||||||
97436|0|0||||||||
97437|0|0||||||||
97438|0|0||||||||
97439|0|0||||||||
97441|0|0||||||||
97442|0|0||||||||
97445|0|0||||||||
97446|0|0||||||||
97448|0|0||||||||
97451|0|0||||||||
97454|0|0||||||||
97456|0|0||||||||
97457|0|0||||||||
97460|0|0||||||||
97461|0|0||||||||
97468|0|0||||||||
97470|0|0||||||||
97471|0|0||||||||
97472|0|0||||||||
97474|0|0||||||||
97476|0|0||||||||
97478|0|0||||||||
97479|0|0||||||||
97482|0|0||||||||
97484|0|0||||||||
97485|0|0||||||||
97488|0|0||||||||
97489|0|0||||||||
97496|0|0||||||||
97497|0|0||||||||
97500|0|0||||||||
97502|0|0||||||||
97504|0|0||||||||
97510|0|0||||||||
97517|0|0||||||||
97520|0|0||||||||
97525|0|0||||||||
97531|0|0||||||||
97532|0|0||||||||
97536|0|0||||||||
97537|0|0||||||||
97541|0|0||||||||
97542|0|0||||||||
97548|0|0||||||||
97550|0|0||||||||
97555|0|0||||||||
97556|0|0||||||||
97558|0|0||||||||
97567|0|0||||||||
97568|0|0||||||||
97571|0|0||||||||
97575|0|0||||||||
97589|0|0||||||||
97595|0|0||||||||
97596|0|0||||||||
97598|0|0||||||||
97605|0|0||||||||
97608|0|0||||||||
97616|0|0||||||||
97625|0|0||||||||
97627|0|0||||||||
97628|0|0||||||||
97633|0|0||||||||
97634|0|0||||||||
97643|0|0||||||||
97658|0|0||||||||
97659|0|0||||||||
97662|0|0||||||||
97663|0|0||||||||
97665|0|0||||||||
97666|0|0||||||||
97675|0|0||||||||
97681|0|0||||||||
97683|0|0||||||||
97689|0|0||||||||
97691|0|0||||||||
97693|0|0||||||||
97694|0|0||||||||
97697|0|0||||||||
97700|0|0||||||||
97702|0|0||||||||
97703|0|0||||||||
97708|0|0||||||||
97713|0|0||||||||
97714|0|0||||||||
97717|0|0||||||||
97719|0|0||||||||
97723|0|0||||||||
97724|0|0||||||||
97727|0|0||||||||
97732|0|0||||||||
97733|0|0||||||||
97734|0|0||||||||
97735|0|0||||||||
97737|0|0||||||||
97748|0|0||||||||
97762|0|0||||||||
97879|0|0||||||||
98099|0|0||||||||
98150|0|0||||||||
98156|0|0||||||||
98181|0|0||||||||
98183|0|0||||||||
98185|0|0||||||||
98186|0|0||||||||
98187|0|0||||||||
98188|0|0||||||||
98189|0|0||||||||
98190|0|0||||||||
98193|0|0||||||||
98198|0|0||||||||
98202|0|0||||||||
98203|0|0||||||||
98244|0|0||||||||
99484|0|0||||||||
99497|0|0||||||||
99862|0|0||||||||
99891|0|0||||||||
99979|0|0||||||||
100450|0|0||||||||
100692|0|0||||||||
100851|0|0||||||||
100858|0|0||||||||
100863|0|0||||||||
100864|0|0||||||||
100891|0|0||||||||
100946|0|0||||||||
101014|0|0||||||||
101257|0|0||||||||
101314|0|0||||||||
101505|0|0||||||||
101555|0|0||||||||
102047|0|0||||||||
102049|0|0||||||||
102425|0|0||||||||
103022|0|0||||||||
103032|0|0||||||||
103036|0|0||||||||
103040|0|0||||||||
103086|0|0||||||||
103094|0|0||||||||
103689|0|0||||||||
104116|0|0||||||||
104159|0|0||||||||
105209|0|0||||||||
105219|0|0||||||||
105455|0|0||||||||
106187|0|0||||||||
107927|0|0||||||||
108144|0|0||||||||
108296|0|0||||||||
108520|0|0||||||||
108525|0|0||||||||
108591|0|0||||||||
108592|0|0||||||||
109005|0|0||||||||
109134|0|0||||||||
109152|0|0||||||||
109159|0|0||||||||
109170|0|0||||||||
109183|0|0||||||||
109184|0|0||||||||
109863|0|0||||||||
109982|0|0||||||||
110141|0|0||||||||
110275|0|0||||||||
110552|0|0||||||||
110576|0|0||||||||
110641|0|0||||||||
110662|0|0||||||||
111008|0|0||||||||
111091|0|0||||||||
111201|0|0||||||||
111299|0|0||||||||
111362|0|0||||||||
111363|0|0||||||||
111599|0|0||||||||
111660|0|0||||||||
111741|0|0||||||||
112492|0|0||||||||
112667|0|0||||||||
112668|0|0||||||||
112680|0|0||||||||
112687|0|0||||||||
112824|0|0||||||||
112856|0|0||||||||
113259|0|0||||||||
113644|0|0||||||||
113646|0|0||||||||
113797|0|0||||||||
113814|0|0||||||||
113831|0|0||||||||
114221|0|0||||||||
114273|0|0||||||||
114353|0|0||||||||
114460|0|0||||||||
114542|0|0||||||||
114567|0|0||||||||
114591|0|0||||||||
114614|0|0||||||||
114853|0|0||||||||
114874|0|0||||||||
114890|0|0||||||||
115327|0|0||||||||
115352|0|0||||||||
115917|0|0||||||||
116063|0|0||||||||
116502|0|0||||||||
116589|0|0||||||||
116592|0|0||||||||
116789|0|0||||||||
116798|0|0||||||||
116803|0|0||||||||
116827|0|0||||||||
116828|0|0||||||||
116829|0|0||||||||
116848|0|0||||||||
116856|0|0||||||||
117100|0|0||||||||
117155|0|0||||||||
117196|0|0||||||||
117214|0|0||||||||
117216|0|0||||||||
117222|0|0||||||||
117226|0|0||||||||
117244|0|0||||||||
117333|0|0||||||||
117769|0|0||||||||
117886|0|0||||||||
118171|0|0||||||||
118172|0|0||||||||
118173|0|0||||||||
118186|0|0||||||||
118483|0|0||||||||
118503|0|0||||||||
118556|0|0||||||||
118575|0|0||||||||
118601|0|0||||||||
118619|0|0||||||||
118845|0|0||||||||
118886|0|0||||||||
118908|0|0||||||||
118909|0|0||||||||
118910|0|0||||||||
118915|0|0||||||||
118938|0|0||||||||
118943|0|0||||||||
118946|0|0||||||||
118964|0|0||||||||
119007|0|0||||||||
119009|0|0||||||||
119043|0|0||||||||
119071|0|0||||||||
119073|0|0||||||||
119116|0|0||||||||
119141|0|0||||||||
119144|0|0||||||||
119145|0|0||||||||
119206|0|0||||||||
119207|0|0||||||||
119291|0|0||||||||
119348|0|0||||||||
119361|0|0||||||||
119442|0|0||||||||
119557|0|0||||||||
119564|0|0||||||||
119649|0|0||||||||
119654|0|0||||||||
119657|0|0||||||||
119661|0|0||||||||
119662|0|0||||||||
119669|0|0||||||||
119676|0|0||||||||
119682|0|0||||||||
119689|0|0||||||||
119695|0|0||||||||
119723|0|0||||||||
119744|0|0||||||||
119760|0|0||||||||
119808|0|0||||||||
119829|0|0||||||||
119863|0|0||||||||
119872|0|0||||||||
119915|0|0||||||||
119937|0|0||||||||
119942|0|0||||||||
119993|0|0||||||||
120043|0|0||||||||
120190|0|0||||||||
120250|0|0||||||||
120324|0|0||||||||
120377|0|0||||||||
120383|0|0||||||||
120391|0|0||||||||
120393|0|0||||||||
120401|0|0||||||||
120402|0|0||||||||
120404|0|0||||||||
120405|0|0||||||||
120411|0|0||||||||
120414|0|0||||||||
120417|0|0||||||||
120421|0|0||||||||
120423|0|0||||||||
120519|0|0||||||||
120520|0|0||||||||
120536|0|0||||||||
120660|0|0||||||||
120682|0|0||||||||
120710|0|0||||||||
120715|0|0||||||||
121190|0|0||||||||
121206|0|0||||||||
121207|0|0||||||||
121210|0|0||||||||
121234|0|0||||||||
121235|0|0||||||||
121236|0|0||||||||
121244|0|0||||||||
121251|0|0||||||||
121253|0|0||||||||
121257|0|0||||||||
121267|0|0||||||||
121268|0|0||||||||
121269|0|0||||||||
121270|0|0||||||||
121276|0|0||||||||
121280|0|0||||||||
121287|0|0||||||||
121298|0|0||||||||
121302|0|0||||||||
121310|0|0||||||||
121315|0|0||||||||
121317|0|0||||||||
121320|0|0||||||||
121323|0|0||||||||
121332|0|0||||||||
121335|0|0||||||||
121344|0|0||||||||
121346|0|0||||||||
121347|0|0||||||||
121362|0|0||||||||
121366|0|0||||||||
121370|0|0||||||||
121372|0|0||||||||
121383|0|0||||||||
121386|0|0||||||||
121395|0|0||||||||
121398|0|0||||||||
121403|0|0||||||||
121410|0|0||||||||
121412|0|0||||||||
121420|0|0||||||||
121427|0|0||||||||
121428|0|0||||||||
121433|0|0||||||||
121434|0|0||||||||
121437|0|0||||||||
121438|0|0||||||||
121439|0|0||||||||
121440|0|0||||||||
121441|0|0||||||||
121442|0|0||||||||
121444|0|0||||||||
121446|0|0||||||||
121459|0|0||||||||
121464|0|0||||||||
121474|0|0||||||||
121477|0|0||||||||
121484|0|0||||||||
121487|0|0||||||||
121490|0|0||||||||
121509|0|0||||||||
121519|0|0||||||||
121521|0|0||||||||
121527|0|0||||||||
121529|0|0||||||||
121530|0|0||||||||
121532|0|0||||||||
121533|0|0||||||||
121541|0|0||||||||
121544|0|0||||||||
121545|0|0||||||||
121551|0|0||||||||
121552|0|0||||||||
121557|0|0||||||||
121558|0|0||||||||
121576|0|0||||||||
121577|0|0||||||||
121592|0|0||||||||
121598|0|0||||||||
121626|0|0||||||||
121627|0|0||||||||
121630|0|0||||||||
121658|0|0||||||||
121726|0|0||||||||
121747|0|0||||||||
121748|0|0||||||||
121772|0|0||||||||
121775|0|0||||||||
121776|0|0||||||||
121783|0|0||||||||
121791|0|0||||||||
121829|0|0||||||||
121833|0|0||||||||
121834|0|0||||||||
121841|0|0||||||||
121848|0|0||||||||
121850|0|0||||||||
121859|0|0||||||||
121862|0|0||||||||
121869|0|0||||||||
121870|0|0||||||||
121895|0|0||||||||
121898|0|0||||||||
121899|0|0||||||||
121917|0|0||||||||
121919|0|0||||||||
121925|0|0||||||||
121928|0|0||||||||
121940|0|0||||||||
121941|0|0||||||||
121949|0|0||||||||
121953|0|0||||||||
121956|0|0||||||||
121963|0|0||||||||
121966|0|0||||||||
121980|0|0||||||||
121983|0|0||||||||
121985|0|0||||||||
121988|0|0||||||||
121989|0|0||||||||
122002|0|0||||||||
122024|0|0||||||||
122026|0|0||||||||
122027|0|0||||||||
122032|0|0||||||||
122033|0|0||||||||
122051|0|0||||||||
122063|0|0||||||||
122075|0|0||||||||
122092|0|0||||||||
122102|0|0||||||||
122130|0|0||||||||
122142|0|0||||||||
122143|0|0||||||||
122154|0|0||||||||
122160|0|0||||||||
122164|0|0||||||||
122170|0|0||||||||
122172|0|0||||||||
122182|0|0||||||||
122184|0|0||||||||
122188|0|0||||||||
122192|0|0||||||||
122195|0|0||||||||
122196|0|0||||||||
122201|0|0||||||||
122206|0|0||||||||
122213|0|0||||||||
122222|0|0||||||||
122225|0|0||||||||
122228|0|0||||||||
122231|0|0||||||||
122235|0|0||||||||
122257|0|0||||||||
122258|0|0||||||||
122262|0|0||||||||
122264|0|0||||||||
122272|0|0||||||||
122282|0|0||||||||
122340|0|0||||||||
122348|0|0||||||||
122350|0|0||||||||
122357|0|0||||||||
122367|0|0||||||||
122371|0|0||||||||
122381|0|0||||||||
122388|0|0||||||||
122393|0|0||||||||
122411|0|0||||||||
122415|0|0||||||||
122431|0|0||||||||
122432|0|0||||||||
122434|0|0||||||||
122453|0|0||||||||
122458|0|0||||||||
122467|0|0||||||||
122485|0|0||||||||
122487|0|0||||||||
122498|0|0||||||||
122499|0|0||||||||
122501|0|0||||||||
122503|0|0||||||||
122505|0|0||||||||
122526|0|0||||||||
122533|0|0||||||||
122540|0|0||||||||
122545|0|0||||||||
122546|0|0||||||||
122556|0|0||||||||
122557|0|0||||||||
122576|0|0||||||||
122577|0|0||||||||
122586|0|0||||||||
122615|0|0||||||||
122620|0|0||||||||
122621|0|0||||||||
122641|0|0||||||||
122643|0|0||||||||
122653|0|0||||||||
122695|0|0||||||||
122697|0|0||||||||
122699|0|0||||||||
122708|0|0||||||||
122709|0|0||||||||
122712|0|0||||||||
122715|0|0||||||||
122723|0|0||||||||
122726|0|0||||||||
122833|0|0||||||||
123012|0|0||||||||
123136|0|0||||||||
123312|0|0||||||||
123413|0|0||||||||
123522|0|0||||||||
123531|0|0||||||||
123647|0|0||||||||
123664|0|0||||||||
123665|0|0||||||||
123684|0|0||||||||
123691|0|0||||||||
123734|0|0||||||||
123738|0|0||||||||
123907|0|0||||||||
123941|0|0||||||||
123944|0|0||||||||
124011|0|0||||||||
124050|0|0||||||||
124291|0|0||||||||
124308|0|0||||||||
124331|0|0||||||||
124387|0|0||||||||
124410|0|0||||||||
124438|0|0||||||||
124675|0|0||||||||
124683|0|0||||||||
124684|0|0||||||||
124725|0|0||||||||
124837|0|0||||||||
124896|0|0||||||||
124976|0|0||||||||
125006|0|0||||||||
125143|0|0||||||||
125145|0|0||||||||
125165|0|0||||||||
125217|0|0||||||||
125251|0|0||||||||
125252|0|0||||||||
125253|0|0||||||||
125529|0|0||||||||
125557|0|0||||||||
125563|0|0||||||||
125564|0|0||||||||
125569|0|0||||||||
125570|0|0||||||||
125589|0|0||||||||
125596|0|0||||||||
125631|0|0||||||||
125682|0|0||||||||
125726|0|0||||||||
125733|0|0||||||||
125763|0|0||||||||
125764|0|0||||||||
126196|0|0||||||||
126249|0|0||||||||
126326|0|0||||||||
126371|0|0||||||||
126381|0|0||||||||
126586|0|0||||||||
127396|0|0||||||||
127938|0|0||||||||
128021|0|0||||||||
128154|0|0||||||||
128233|0|0||||||||
128254|0|0||||||||
128587|0|0||||||||
129137|0|0||||||||
129147|0|0||||||||
129197|0|0||||||||
129212|0|0||||||||
129341|0|0||||||||
129344|0|0||||||||
130015|0|0||||||||
130767|0|0||||||||
131124|0|0||||||||
131125|0|0||||||||
131126|0|0||||||||
131127|0|0||||||||
131129|0|0||||||||
131132|0|0||||||||
131134|0|0||||||||
131135|0|0||||||||
131137|0|0||||||||
131139|0|0||||||||
131140|0|0||||||||
131142|0|0||||||||
131149|0|0||||||||
131150|0|0||||||||
131151|0|0||||||||
131152|0|0||||||||
131153|0|0||||||||
131155|0|0||||||||
131160|0|0||||||||
131162|0|0||||||||
131165|0|0||||||||
131166|0|0||||||||
131167|0|0||||||||
131289|0|0||||||||
131458|0|0||||||||
131460|0|0||||||||
131488|0|0||||||||
131490|0|0||||||||
131588|0|0||||||||
131607|0|0||||||||
131657|0|0||||||||
131734|0|0||||||||
131762|0|0||||||||
131941|0|0||||||||
131943|0|0||||||||
131951|0|0||||||||
131966|0|0||||||||
131980|0|0||||||||
131982|0|0||||||||
131988|0|0||||||||
132283|0|0||||||||
132317|0|0||||||||
132350|0|0||||||||
132536|0|0||||||||
132678|0|0||||||||
132687|0|0||||||||
132713|0|0||||||||
132718|0|0||||||||
132747|0|0||||||||
132773|0|0||||||||
132823|0|0||||||||
132855|0|0||||||||
132874|0|0||||||||
132892|0|0||||||||
132897|0|0||||||||
132915|0|0||||||||
132934|0|0||||||||
132969|0|0||||||||
132970|0|0||||||||
133136|0|0||||||||
133230|0|0||||||||
133285|0|0||||||||
133319|0|0||||||||
133321|0|0||||||||
133323|0|0||||||||
133324|0|0||||||||
133326|0|0||||||||
133329|0|0||||||||
133331|0|0||||||||
133333|0|0||||||||
133353|0|0||||||||
133359|0|0||||||||
133360|0|0||||||||
133364|0|0||||||||
133365|0|0||||||||
133366|0|0||||||||
133368|0|0||||||||
133374|0|0||||||||
133382|0|0||||||||
133383|0|0||||||||
133388|0|0||||||||
133392|0|0||||||||
133395|0|0||||||||
133401|0|0||||||||
133403|0|0||||||||
133405|0|0||||||||
133406|0|0||||||||
133408|0|0||||||||
133412|0|0||||||||
133612|0|0||||||||
133622|0|0||||||||
133630|0|0||||||||
133632|0|0||||||||
133637|0|0||||||||
133641|0|0||||||||
133646|0|0||||||||
133716|0|0||||||||
133981|0|0||||||||
133999|0|0||||||||
134003|0|0||||||||
134020|0|0||||||||
134091|0|0||||||||
134250|0|0||||||||
134342|0|0||||||||
134345|0|0||||||||
134372|0|0||||||||
134374|0|0||||||||
134375|0|0||||||||
134377|0|0||||||||
134378|0|0||||||||
134384|0|0||||||||
134392|0|0||||||||
134393|0|0||||||||
134394|0|0||||||||
134396|0|0||||||||
134397|0|0||||||||
134398|0|0||||||||
134399|0|0||||||||
134400|0|0||||||||
134463|0|0||||||||
134464|0|0||||||||
134467|0|0||||||||
134484|0|0||||||||
134507|0|0||||||||
134549|0|0||||||||
134559|0|0||||||||
134572|0|0||||||||
134577|0|0||||||||
134592|0|0||||||||
134594|0|0||||||||
134596|0|0||||||||
135021|0|0||||||||
135037|0|0||||||||
135053|0|0||||||||
135057|0|0||||||||
135106|0|0||||||||
135153|0|0||||||||
135163|0|0||||||||
135169|0|0||||||||
135174|0|0||||||||
135175|0|0||||||||
135178|0|0||||||||
135181|0|0||||||||
135187|0|0||||||||
135188|0|0||||||||
135194|0|0||||||||
135201|0|0||||||||
135203|0|0||||||||
135204|0|0||||||||
135207|0|0||||||||
135208|0|0||||||||
135209|0|0||||||||
135211|0|0||||||||
135214|0|0||||||||
135215|0|0||||||||
135216|0|0||||||||
135217|0|0||||||||
135218|0|0||||||||
135221|0|0||||||||
135224|0|0||||||||
135225|0|0||||||||
135226|0|0||||||||
135228|0|0||||||||
135230|0|0||||||||
135231|0|0||||||||
135233|0|0||||||||
135234|0|0||||||||
135235|0|0||||||||
135236|0|0||||||||
135238|0|0||||||||
135239|0|0||||||||
135240|0|0||||||||
135241|0|0||||||||
135242|0|0||||||||
135244|0|0||||||||
135260|0|0||||||||
135266|0|0||||||||
135360|0|0||||||||
135362|0|0||||||||
135370|0|0||||||||
135375|0|0||||||||
135376|0|0||||||||
135380|0|0||||||||
135385|0|0||||||||
135387|0|0||||||||
135388|0|0||||||||
135405|0|0||||||||
135409|0|0||||||||
135410|0|0||||||||
135414|0|0||||||||
135417|0|0||||||||
135446|0|0||||||||
135452|0|0||||||||
135453|0|0||||||||
135458|0|0||||||||
135460|0|0||||||||
135480|0|0||||||||
135639|0|0||||||||
135644|0|0||||||||
135648|0|0||||||||
135649|0|0||||||||
135651|0|0||||||||
135652|0|0||||||||
135653|0|0||||||||
135654|0|0||||||||
135658|0|0||||||||
135776|0|0||||||||
135778|0|0||||||||
135779|0|0||||||||
135780|0|0||||||||
135781|0|0||||||||
135782|0|0||||||||
135784|0|0||||||||
135785|0|0||||||||
135786|0|0||||||||
135804|0|0||||||||
135806|0|0||||||||
135951|0|0||||||||
135972|0|0||||||||
135973|0|0||||||||
135979|0|0||||||||
135981|0|0||||||||
135994|0|0||||||||
136030|0|0||||||||
136060|0|0||||||||
136116|0|0||||||||
136151|0|0||||||||
136157|0|0||||||||
136162|0|0||||||||
136168|0|0||||||||
136176|0|0||||||||
136201|0|0||||||||
136217|0|0||||||||
136223|0|0||||||||
136280|0|0||||||||
136341|0|0||||||||
136355|0|0||||||||
136396|0|0||||||||
136397|0|0||||||||
136398|0|0||||||||
136518|0|0||||||||
136526|0|0||||||||
136537|0|0||||||||
136538|0|0||||||||
136540|0|0||||||||
136563|0|0||||||||
136572|0|0||||||||
136579|0|0||||||||
136580|0|0||||||||
136583|0|0||||||||
136593|0|0||||||||
136602|0|0||||||||
136603|0|0||||||||
136604|0|0||||||||
136606|0|0||||||||
136613|0|0||||||||
136615|0|0||||||||
136618|0|0||||||||
136620|0|0||||||||
136632|0|0||||||||
136785|0|0||||||||
136786|0|0||||||||
136794|0|0||||||||
136806|0|0||||||||
136828|0|0||||||||
136835|0|0||||||||
136846|0|0||||||||
136848|0|0||||||||
136851|0|0||||||||
136856|0|0||||||||
136860|0|0||||||||
136861|0|0||||||||
136863|0|0||||||||
136865|0|0||||||||
136870|0|0||||||||
136878|0|0||||||||
136891|0|0||||||||
136906|0|0||||||||
136931|0|0||||||||
136958|0|0||||||||
136959|0|0||||||||
136969|0|0||||||||
136973|0|0||||||||
136976|0|0||||||||
136977|0|0||||||||
136979|0|0||||||||
136981|0|0||||||||
136982|0|0||||||||
136983|0|0||||||||
136989|0|0||||||||
136994|0|0||||||||
136996|0|0||||||||
136998|0|0||||||||
137000|0|0||||||||
137001|0|0||||||||
137003|0|0||||||||
137006|0|0||||||||
137009|0|0||||||||
137012|0|0||||||||
137015|0|0||||||||
137023|0|0||||||||
137027|0|0||||||||
137028|0|0||||||||
137029|0|0||||||||
137030|0|0||||||||
137031|0|0||||||||
137034|0|0||||||||
137035|0|0||||||||
137036|0|0||||||||
137039|0|0||||||||
137044|0|0||||||||
137045|0|0||||||||
137051|0|0||||||||
137052|0|0||||||||
137053|0|0||||||||
137056|0|0||||||||
137057|0|0||||||||
137064|0|0||||||||
137065|0|0||||||||
137067|0|0||||||||
137069|0|0||||||||
137070|0|0||||||||
137072|0|0||||||||
137076|0|0||||||||
137077|0|0||||||||
137078|0|0||||||||
137086|0|0||||||||
137090|0|0||||||||
137096|0|0||||||||
137097|0|0||||||||
137099|0|0||||||||
137104|0|0||||||||
137105|0|0||||||||
137106|0|0||||||||
137110|0|0||||||||
137112|0|0||||||||
137125|0|0||||||||
137129|0|0||||||||
137130|0|0||||||||
137134|0|0||||||||
137135|0|0||||||||
137137|0|0||||||||
137140|0|0||||||||
137143|0|0||||||||
137149|0|0||||||||
137155|0|0||||||||
137156|0|0||||||||
137158|0|0||||||||
137160|0|0||||||||
137161|0|0||||||||
137162|0|0||||||||
137164|0|0||||||||
137166|0|0||||||||
137173|0|0||||||||
137176|0|0||||||||
137177|0|0||||||||
137181|0|0||||||||
137182|0|0||||||||
137184|0|0||||||||
137189|0|0||||||||
137190|0|0||||||||
137191|0|0||||||||
137192|0|0||||||||
137198|0|0||||||||
137204|0|0||||||||
137225|0|0||||||||
137309|0|0||||||||
137339|0|0||||||||
137342|0|0||||||||
137348|0|0||||||||
137353|0|0||||||||
137356|0|0||||||||
137358|0|0||||||||
137377|0|0||||||||
137379|0|0||||||||
137380|0|0||||||||
137381|0|0||||||||
137382|0|0||||||||
137383|0|0||||||||
137384|0|0||||||||
137385|0|0||||||||
137422|0|0||||||||
137448|0|0||||||||
137485|0|0||||||||
137529|0|0||||||||
137533|0|0||||||||
137536|0|0||||||||
137539|0|0||||||||
137541|0|0||||||||
137544|0|0||||||||
137561|0|0||||||||
137563|0|0||||||||
137564|0|0||||||||
137625|0|0||||||||
137636|0|0||||||||
137642|0|0||||||||
137643|0|0||||||||
137645|0|0||||||||
137652|0|0||||||||
137659|0|0||||||||
137735|0|0||||||||
137736|0|0||||||||
137737|0|0||||||||
137752|0|0||||||||
137754|0|0||||||||
137756|0|0||||||||
137759|0|0||||||||
137765|0|0||||||||
137771|0|0||||||||
137775|0|0||||||||
137777|0|0||||||||
137778|0|0||||||||
137781|0|0||||||||
137793|0|0||||||||
137804|0|0||||||||
137825|0|0||||||||
137826|0|0||||||||
137831|0|0||||||||
137834|0|0||||||||
137861|0|0||||||||
137888|0|0||||||||
137891|0|0||||||||
137907|0|0||||||||
137909|0|0||||||||
137910|0|0||||||||
137914|0|0||||||||
137918|0|0||||||||
137920|0|0||||||||
137923|0|0||||||||
137931|0|0||||||||
137989|0|0||||||||
137997|0|0||||||||
138343|0|0||||||||
138402|0|0||||||||
138430|0|0||||||||
138459|0|0||||||||
138461|0|0||||||||
138522|0|0||||||||
138535|0|0||||||||
138536|0|0||||||||
138552|0|0||||||||
138555|0|0||||||||
138558|0|0||||||||
138564|0|0||||||||
138586|0|0||||||||
138587|0|0||||||||
138704|0|0||||||||
138712|0|0||||||||
138725|0|0||||||||
138735|0|0||||||||
138774|0|0||||||||
138795|0|0||||||||
138813|0|0||||||||
138815|0|0||||||||
138820|0|0||||||||
138823|0|0||||||||
138833|0|0||||||||
138835|0|0||||||||
138836|0|0||||||||
138845|0|0||||||||
138858|0|0||||||||
138873|0|0||||||||
138877|0|0||||||||
139326|0|0||||||||
139339|0|0||||||||
139353|0|0||||||||
139355|0|0||||||||
139361|0|0||||||||
139371|0|0||||||||
139372|0|0||||||||
139375|0|0||||||||
139378|0|0||||||||
139379|0|0||||||||
139380|0|0||||||||
139387|0|0||||||||
139395|0|0||||||||
139396|0|0||||||||
139403|0|0||||||||
139407|0|0||||||||
139409|0|0||||||||
139411|0|0||||||||
139419|0|0||||||||
139420|0|0||||||||
139425|0|0||||||||
139434|0|0||||||||
139446|0|0||||||||
139447|0|0||||||||
139454|0|0||||||||
139455|0|0||||||||
139456|0|0||||||||
139457|0|0||||||||
139463|0|0||||||||
139470|0|0||||||||
139477|0|0||||||||
139487|0|0||||||||
139490|0|0||||||||
139492|0|0||||||||
139493|0|0||||||||
139496|0|0||||||||
139500|0|0||||||||
139501|0|0||||||||
139508|0|0||||||||
139510|0|0||||||||
139515|0|0||||||||
139528|0|0||||||||
139531|0|0||||||||
139532|0|0||||||||
139542|0|0||||||||
139544|0|0||||||||
139559|0|0||||||||
139563|0|0||||||||
139570|0|0||||||||
139572|0|0||||||||
139573|0|0||||||||
139574|0|0||||||||
139577|0|0||||||||
139578|0|0||||||||
139579|0|0||||||||
139582|0|0||||||||
139590|0|0||||||||
139592|0|0||||||||
139593|0|0||||||||
139594|0|0||||||||
139603|0|0||||||||
139608|0|0||||||||
139609|0|0||||||||
139613|0|0||||||||
139620|0|0||||||||
139625|0|0||||||||
139629|0|0||||||||
139637|0|0||||||||
139643|0|0||||||||
139651|0|0||||||||
139657|0|0||||||||
139658|0|0||||||||
139662|0|0||||||||
139666|0|0||||||||
139668|0|0||||||||
139671|0|0||||||||
139686|0|0||||||||
139689|0|0||||||||
139694|0|0||||||||
139696|0|0||||||||
139697|0|0||||||||
139698|0|0||||||||
139699|0|0||||||||
139700|0|0||||||||
139701|0|0||||||||
139702|0|0||||||||
139706|0|0||||||||
139707|0|0||||||||
139712|0|0||||||||
139714|0|0||||||||
139716|0|0||||||||
139719|0|0||||||||
139721|0|0||||||||
139723|0|0||||||||
139726|0|0||||||||
139728|0|0||||||||
139730|0|0||||||||
139731|0|0||||||||
139733|0|0||||||||
139735|0|0||||||||
139736|0|0||||||||
139737|0|0||||||||
139739|0|0||||||||
139744|0|0||||||||
139745|0|0||||||||
139746|0|0||||||||
139748|0|0||||||||
139751|0|0||||||||
139752|0|0||||||||
139757|0|0||||||||
139759|0|0||||||||
139765|0|0||||||||
139767|0|0||||||||
139772|0|0||||||||
139775|0|0||||||||
139780|0|0||||||||
139781|0|0||||||||
139782|0|0||||||||
139783|0|0||||||||
139785|0|0||||||||
139788|0|0||||||||
139790|0|0||||||||
139791|0|0||||||||
139796|0|0||||||||
139797|0|0||||||||
139799|0|0||||||||
139800|0|0||||||||
139810|0|0||||||||
139812|0|0||||||||
139813|0|0||||||||
139819|0|0||||||||
139823|0|0||||||||
139824|0|0||||||||
139827|0|0||||||||
139828|0|0||||||||
139830|0|0||||||||
139832|0|0||||||||
139834|0|0||||||||
139835|0|0||||||||
139838|0|0||||||||
139839|0|0||||||||
139842|0|0||||||||
139843|0|0||||||||
139845|0|0||||||||
139848|0|0||||||||
139849|0|0||||||||
139954|0|0||||||||
139955|0|0||||||||
139959|0|0||||||||
139961|0|0||||||||
139965|0|0||||||||
140144|0|0||||||||
140146|0|0||||||||
140162|0|0||||||||
140187|0|0||||||||
140191|0|0||||||||
140192|0|0||||||||
140441|0|0||||||||
140446|0|0||||||||
140447|0|0||||||||
140448|0|0||||||||
140449|0|0||||||||
140451|0|0||||||||
140459|0|0||||||||
140463|0|0||||||||
140466|0|0||||||||
140469|0|0||||||||
140486|0|0||||||||
140487|0|0||||||||
140488|0|0||||||||
140494|0|0||||||||
140539|0|0||||||||
140560|0|0||||||||
140568|0|0||||||||
140571|0|0||||||||
140599|0|0||||||||
140601|0|0||||||||
140604|0|0||||||||
140605|0|0||||||||
140606|0|0||||||||
140607|0|0||||||||
140609|0|0||||||||
140612|0|0||||||||
140613|0|0||||||||
140614|0|0||||||||
140617|0|0||||||||
140618|0|0||||||||
140744|0|0||||||||
140762|0|0||||||||
140784|0|0||||||||
141439|0|0||||||||
141479|0|0||||||||
141559|0|0||||||||
141666|0|0||||||||
141697|0|0||||||||
141869|0|0||||||||
141872|0|0||||||||
142089|0|0||||||||
142094|0|0||||||||
142124|0|0||||||||
142141|0|0||||||||
142210|0|0||||||||
142279|0|0||||||||
142287|0|0||||||||
142539|0|0||||||||
142620|0|0||||||||
142651|0|0||||||||
142745|0|0||||||||
143321|0|0||||||||
143322|0|0||||||||
143323|0|0||||||||
143584|0|0||||||||
144334|0|0||||||||
